104401301
1327297228367
2654490072287
3981687300656
5308875743979
6636258197266
7963270212043
9290771509778
10617647081492
11945043987760
13272411994298
14599865986185
15926436025980
17253898378339
18581438530064
19908960441566
21235189777130
22562576455271
23889983580772
25217192006443
26544719583245
27872105043479
29199627522428
30525339424068
31852767678321
33180216498319
34507692320807
35835147049054
37162772650374
38489949714986
39817816484013
41143488772433
42470275267483
43798536163330
45125048514032
46453481676876
47779862783324
49108478457571
50434279588840
51760458052001
53089334773349
54415356394927
55744105693166
57070036915593
58399150655246
59724952927617
61050574456913
62379790498345
63705431125520
65034783282534
66360328608701
67689815963325
69015280249655
70340684164535
71670189697617
72995577474710
74325440953610
75651013875526
76979795033349
78305268528049
79635528568520
80961155889374
82286873156762
83614884369572
84940446149331
86271131139896
87596967922071
88924445048173
90249992619280
91575802288767
92906858950585
94232797681789
95559621174738
96885551243767
98216852499147
99542899954561
100868454795552
102194803097533
103520811710359
104852446377266
106178565137376
107504629317714
108830608388273
110156027616428
111488107004125
112814059022455
114139969439855
115465770613942
116798196921477
118124018089424
119449801464241
120775343461037
122101044518389
123433901030796
124759476574148
126085148968001
127410757848850
128743900528892
130069462180894
131395046907105
132720552812064
134046039861635
135379527574982
136705008370251
138030456106506
139355880908823
140681263940388
142014959438785
143340275027361
144665657076837
145991050564315
147325228567102
148650777504205
149976318044796
151301923323795
152627542103518
153959485654791
155284913131557
156610432656239
157936002174770
159270952727627
160596501532404
161922207383085
163247923718417
164573641921825
165904037446449
167229664349415
168555354736029
169880787890726
171206495862691
172542157883251
173867980894640
175193831451564
176519713050312
177848785693503
179174498906885
180499880844662
181825822602700
183151500197258
184487881587907
185813613524360
187139773390701
188465490967002
189791044046129
191119137951004
192444698029862
193770997976460
195096456586764
196433600622664
197759179333322
199085695540531
200411229315036
201736805192006
203064087374381
204389501794674
205716128422632
207041519025577
208379326068756
209704788222598
211030214867674
212357025873345
213682450183985
215009154246389
216334575241515
217661112380516
218986531736711
220311950845439
221650564575813
222976109618728
224302466327476
225628013690636
226954305246590
228279834528397
229605296699508
230931436823603
232256965842468
233596289455118
234921900767095
236247931786129
237573569230728
238899498540380
240224917806282
241550582524253
242876341359947
244201984634961
245541969333148
246867697672386
248193413952288
249518848776173
250844531448790
252170193552937
253495807138869
254821411309740
256146977277829
257487696665487
258813321159769
260138819958589
261464402477528
262789989423759
264115465375936
265441001226478
266766484414732
268091975307762
269417402127183
270758950743573
272084426953714
273409912337045
274735373311676
276060807830520
277386249676368
278711657422620
280037046506792
281362423507906
282704611861853
284029814476966
285355539886626
286680445649184
288006562262318
289331209731994
290657599951721
291981996766604
293308756942327
294650352729855
295974286318932
297301450592296
298625126375376
299952531688700
301275978951888
302603742203795
303926912617744
305254979816869
306596069593232
307918866929580
309247174185224
310569721890253
311898459910917
313220760894000
314549805112123
315871899957482
317201246104085
318541801038936
319863266783465
321192898660193
322514453320257
323844310353214
325165656575290
326495743038294
327816944173477
329147179460520
330467873893942
331807970493790
333138590833028
334459224293390
335790071169876
337110605085369
338441666409751
104401301
1327297228367
2654490072287
3981687300656
5308875743979
6636258197266
7963270212043
9290771509778
10617647081492
11945043987760
13272411994298
14599865986185
15926436025980
17253898378339
18581438530064
19908960441566
21235189777130
22562576455271
23889983580772
25217192006443
26544719583245
27872105043479
29199627522428
30525339424068
31852767678321
33180216498319
34507692320807
35835147049054
37162772650374
38489949714986
39817816484013
41143488772433
42470275267483
43798536163330
45125048514032
46453481676876
47779862783324
49108478457571
50434279588840
51760458052001
53089334773349
54415356394927
55744105693166
57070036915593
58399150655246
59724952927617
61050574456913
62379790498345
63705431125520
65034783282534
66360328608701
67689815963325
69015280249655
70340684164535
71670189697617
72995577474710
74325440953610
75651013875526
76979795033349
78305268528049
79635528568520
80961155889374
82286873156762
83614884369572
84940446149331
86271131139896
87596967922071
88924445048173
90249992619280
91575802288767
92906858950585
94232797681789
95559621174738
96885551243767
98216852499147
99542899954561
100868454795552
102194803097533
103520811710359
104852446377266
106178565137376
107504629317714
108830608388273
110156027616428
111488107004125
112814059022455
114139969439855
115465770613942
116798196921477
118124018089424
119449801464241
120775343461037
122101044518389
123433901030796
124759476574148
126085148968001
127410757848850
128743900528892
130069462180894
131395046907105
132720552812064
134046039861635
135379527574982
136705008370251
138030456106506
139355880908823
140681263940388
142014959438785
143340275027361
144665657076837
145991050564315
147325228567102
148650777504205
149976318044796
151301923323795
152627542103518
153959485654791
155284913131557
156610432656239
157936002174770
159270952727627
160596501532404
161922207383085
163247923718417
164573641921825
165904037446449
167229664349415
168555354736029
169880787890726
171206495862691
172542157883251
173867980894640
175193831451564
176519713050312
177848785693503
179174498906885
180499880844662
181825822602700
183151500197258
184487881587907
185813613524360
187139773390701
188465490967002
189791044046129
191119137951004
192444698029862
193770997976460
195096456586764
196433600622664
197759179333322
199085695540531
200411229315036
201736805192006
203064087374381
204389501794674
205716128422632
207041519025577
208379326068756
209704788222598
211030214867674
212357025873345
213682450183985
215009154246389
216334575241515
217661112380516
218986531736711
220311950845439
221650564575813
222976109618728
224302466327476
225628013690636
226954305246590
228279834528397
229605296699508
230931436823603
232256965842468
233596289455118
234921900767095
236247931786129
237573569230728
238899498540380
240224917806282
241550582524253
242876341359947
244201984634961
245541969333148
246867697672386
248193413952288
249518848776173
250844531448790
252170193552937
253495807138869
254821411309740
256146977277829
257487696665487
258813321159769
260138819958589
261464402477528
262789989423759
264115465375936
265441001226478
266766484414732
268091975307762
269417402127183
270758950743573
272084426953714
273409912337045
274735373311676
276060807830520
277386249676368
278711657422620
280037046506792
281362423507906
282704611861853
284029814476966
285355539886626
286680445649184
288006562262318
289331209731994
290657599951721
291981996766604
293308756942327
294650352729855
295974286318932
297301450592296
298625126375376
299952531688700
301275978951888
302603742203795
303926912617744
305254979816869
306596069593232
307918866929580
309247174185224
310569721890253
311898459910917
313220760894000
314549805112123
315871899957482
317201246104085
318541801038936
319863266783465
321192898660193
322514453320257
323844310353214
325165656575290
326495743038294
327816944173477
329147179460520
330467873893942
331807970493790
333138590833028
334459224293390
335790071169876
337110605085369
338441666409751
104401301
1327297228367
2654490072287
3981687300656
5308875743979
6636258197266
7963270212043
9290771509778
10617647081492
11945043987760
13272411994298
14599865986185
15926436025980
17253898378339
18581438530064
19908960441566
21235189777130
22562576455271
23889983580772
25217192006443
26544719583245
27872105043479
29199627522428
30525339424068
31852767678321
33180216498319
34507692320807
35835147049054
37162772650374
38489949714986
39817816484013
41143488772433
42470275267483
43798536163330
45125048514032
46453481676876
47779862783324
49108478457571
50434279588840
51760458052001
53089334773349
54415356394927
55744105693166
57070036915593
58399150655246
59724952927617
61050574456913
62379790498345
63705431125520
65034783282534
66360328608701
67689815963325
69015280249655
70340684164535
71670189697617
72995577474710
74325440953610
75651013875526
76979795033349
78305268528049
79635528568520
80961155889374
82286873156762
83614884369572
84940446149331
86271131139896
87596967922071
88924445048173
90249992619280
91575802288767
92906858950585
94232797681789
95559621174738
96885551243767
98216852499147
99542899954561
100868454795552
102194803097533
103520811710359
104852446377266
106178565137376
107504629317714
108830608388273
110156027616428
111488107004125
112814059022455
114139969439855
115465770613942
116798196921477
118124018089424
119449801464241
120775343461037
122101044518389
123433901030796
124759476574148
126085148968001
127410757848850
128743900528892
130069462180894
131395046907105
132720552812064
134046039861635
135379527574982
136705008370251
138030456106506
139355880908823
140681263940388
142014959438785
143340275027361
144665657076837
145991050564315
147325228567102
148650777504205
149976318044796
151301923323795
152627542103518
153959485654791
155284913131557
156610432656239
157936002174770
159270952727627
160596501532404
161922207383085
163247923718417
164573641921825
165904037446449
167229664349415
168555354736029
169880787890726
171206495862691
172542157883251
173867980894640
175193831451564
176519713050312
177848785693503
179174498906885
180499880844662
181825822602700
183151500197258
184487881587907
185813613524360
187139773390701
188465490967002
189791044046129
191119137951004
192444698029862
193770997976460
195096456586764
196433600622664
197759179333322
199085695540531
200411229315036
201736805192006
203064087374381
204389501794674
205716128422632
207041519025577
208379326068756
209704788222598
211030214867674
212357025873345
213682450183985
215009154246389
216334575241515
217661112380516
218986531736711
220311950845439
221650564575813
222976109618728
224302466327476
225628013690636
226954305246590
228279834528397
229605296699508
230931436823603
232256965842468
233596289455118
234921900767095
236247931786129
237573569230728
238899498540380
240224917806282
241550582524253
242876341359947
244201984634961
245541969333148
246867697672386
248193413952288
249518848776173
250844531448790
252170193552937
253495807138869
254821411309740
256146977277829
257487696665487
258813321159769
260138819958589
261464402477528
262789989423759
264115465375936
265441001226478
266766484414732
268091975307762
269417402127183
270758950743573
272084426953714
273409912337045
274735373311676
276060807830520
277386249676368
278711657422620
280037046506792
281362423507906
282704611861853
284029814476966
285355539886626
286680445649184
288006562262318
289331209731994
290657599951721
291981996766604
293308756942327
294650352729855
295974286318932
297301450592296
298625126375376
299952531688700
301275978951888
302603742203795
303926912617744
305254979816869
306596069593232
307918866929580
309247174185224
310569721890253
311898459910917
313220760894000
314549805112123
315871899957482
317201246104085
318541801038936
319863266783465
321192898660193
322514453320257
323844310353214
325165656575290
326495743038294
327816944173477
329147179460520
330467873893942
331807970493790
333138590833028
334459224293390
335790071169876
337110605085369
338441666409751
104401301
1327297228367
2654490072287
3981687300656
5308875743979
6636258197266
7963270212043
9290771509778
10617647081492
11945043987760
13272411994298
14599865986185
15926436025980
17253898378339
18581438530064
19908960441566
21235189777130
22562576455271
23889983580772
25217192006443
26544719583245
27872105043479
29199627522428
30525339424068
31852767678321
33180216498319
34507692320807
35835147049054
37162772650374
38489949714986
39817816484013
41143488772433
42470275267483
43798536163330
45125048514032
46453481676876
47779862783324
49108478457571
50434279588840
51760458052001
53089334773349
54415356394927
55744105693166
57070036915593
58399150655246
59724952927617
61050574456913
62379790498345
63705431125520
65034783282534
66360328608701
67689815963325
69015280249655
70340684164535
71670189697617
72995577474710
74325440953610
75651013875526
76979795033349
78305268528049
79635528568520
80961155889374
82286873156762
83614884369572
84940446149331
86271131139896
87596967922071
88924445048173
90249992619280
91575802288767
92906858950585
94232797681789
95559621174738
96885551243767
98216852499147
99542899954561
100868454795552
102194803097533
103520811710359
104852446377266
106178565137376
107504629317714
108830608388273
110156027616428
111488107004125
112814059022455
114139969439855
115465770613942
116798196921477
118124018089424
119449801464241
120775343461037
122101044518389
123433901030796
124759476574148
126085148968001
127410757848850
128743900528892
130069462180894
131395046907105
132720552812064
134046039861635
135379527574982
136705008370251
138030456106506
139355880908823
140681263940388
142014959438785
143340275027361
144665657076837
145991050564315
147325228567102
148650777504205
149976318044796
151301923323795
152627542103518
153959485654791
155284913131557
156610432656239
157936002174770
159270952727627
160596501532404
161922207383085
163247923718417
164573641921825
165904037446449
167229664349415
168555354736029
169880787890726
171206495862691
172542157883251
173867980894640
175193831451564
176519713050312
177848785693503
179174498906885
180499880844662
181825822602700
183151500197258
184487881587907
185813613524360
187139773390701
188465490967002
189791044046129
191119137951004
192444698029862
193770997976460
195096456586764
196433600622664
197759179333322
199085695540531
200411229315036
201736805192006
203064087374381
204389501794674
205716128422632
207041519025577
208379326068756
209704788222598
211030214867674
212357025873345
213682450183985
215009154246389
216334575241515
217661112380516
218986531736711
220311950845439
221650564575813
222976109618728
224302466327476
225628013690636
226954305246590
228279834528397
229605296699508
230931436823603
232256965842468
233596289455118
234921900767095
236247931786129
237573569230728
238899498540380
240224917806282
241550582524253
242876341359947
244201984634961
245541969333148
246867697672386
248193413952288
249518848776173
250844531448790
252170193552937
253495807138869
254821411309740
256146977277829
257487696665487
258813321159769
260138819958589
261464402477528
262789989423759
264115465375936
265441001226478
266766484414732
268091975307762
269417402127183
270758950743573
272084426953714
273409912337045
274735373311676
276060807830520
277386249676368
278711657422620
280037046506792
281362423507906
282704611861853
284029814476966
285355539886626
286680445649184
288006562262318
289331209731994
290657599951721
291981996766604
293308756942327
294650352729855
295974286318932
297301450592296
298625126375376
299952531688700
301275978951888
302603742203795
303926912617744
305254979816869
306596069593232
